65
37177 52260 3627623246300954
2 3 5
2 2 1081292147434158
2 3 9429605562755370
5 9 9152845331581750
3 5 840843200459482
10 13 3337041873753082
5089 7407 1785197717173513
314 512 1024
26597 37816 4245730305851899
49127 75508 3693288613316216
13973 26419 3513626523439425
3865717696012301 6136029900710052 3321279115901350
9545048558841825 6899255672076999 9272818149758853
314 512 133769420
2 3 1
2407 4810 850600912749360
9 17 7379218941168776
725831654114702 4541733210835335 2742887072719959
259149987802241 6689368820300403 3534721002568495
48878 70096 1422160026469748
60280 106158 382504020903546
9706554173387903 5097740681849255 2095245244912381
52245 85277 3528041057867931
4930 6317 3001060110844245
3626621529746551 3995165959615617 3319701929960343
7 12 6439637337963783
5 1 100
1 1 3771679948420674
4 6 2271224666368145
6761462000443010 904477908128201 3043816924959190
1000000000000 1 1000000000000
6 9 2903294259185990
9 10 9259928947805118
1 1 6044898352400565
1 1 1000000000000
6 6 3465509398779757
4 4 4198590241362000
10 13 8689503031950123
1000000000000 1 1
1 3 100
1 1000000000000 1000000000000
6 9 497087563
10 17 370045965243845
2 2 9825445613196928
64922 110795 4504704366599950
7861 11257 5477539912208008
4 7 6988873275022466
19749 37179 1140508669256069
5 7 4495587747091262
74116 111994 1493371909130523
5 8 550103143310362
9 9 2395440648063235
99838 101928 3638110057611840
8025714536856354 9903000027803061 904922510325972
6396320710057362 7814230344468181 3183274048075890
4 6 7754441745231444
7 7 6977204123379581
8272 10247 5338458442301888
10 13 11234567890
2 3 2
1 1000000000000 1
9334 14595 5458585253152592
4 4 1760792368134037
2 2 5384712727499747
