500
3 999999999 1 999999998
999999999 4 627313199 3
100 1000000000 3 3
474573491 100 2 2
3 999999999 1 419422452
3 999999999 1 3
3 999999999 2 2
3 1000000000 1 1
999999999 100 2 1
3 750409238 1 2
100 999999999 1 913663288
4 4 1 3
100 999999999 43 2
2 100 1 3
1000000000 1000000000 1 999999999
2 999999999 1 3
999999999 1000000000 2 1
632200338 3 1 2
1000000000 100 1 1
3 3 1 2
3 4 1 1
999999999 3 976671636 2
999999999 1000000000 2 3
4 100 1 1
999999999 999999999 2 3
100 1000000000 3 2
755742919 1000000000 2 2
843094006 3 3 1
999999999 4 3 1
1000000000 2 592728920 1
576202195 4 1 2
100 999999999 1 1
4 40276081 1 3
4 4 1 2
100 2 2 1
999999999 1000000000 1 999999999
1000000000 2 999999999 1
1000000000 999999999 1 3
100 4 99 3
999999999 1000000000 3 218565021
100 100 3 1
1000000000 100 968047634 19
3 387806766 2 3
946260157 2 1 1
697757447 999999999 3 614333645
1000000000 84082569 375561153 2
900200350 242692999 164767257 3
1000000000 4 1 3
515006471 3 3 2
1000000000 527180352 2 1
100 3 3 1
100 461180180 3 3
1000000000 748176992 2 3
100 999999999 1 999999998
999999999 4 618409559 1
2 999999999 1 999999998
66434218 3 2 2
100 100 1 99
1000000000 100 1 2
100 1000000000 99 1
3 100 1 64
100 999999999 99 999999998
3 560442205 2 3
904027769 100 278679397 3
100 999999999 57 187975571
4 100 2 99
100 100 3 48
1000000000 1000000000 3 2
1000000000 999999999 999999999 2
4 625855660 3 1
2 999999999 1 1
1000000000 1000000000 2 2
100 999999999 2 1
598618548 1000000000 1 2
1000000000 100 999999999 1
100 999999999 83 1
4 2 3 1
4 249842301 1 1
1000000000 3 1 2
100 4 1 2
4 999999999 2 3
1000000000 1000000000 999999999 2
803061495 4 3 3
3 440178503 1 1
4 999999999 2 1
100 999999999 3 2
999999999 553819129 274277625 13275303
3 999999999 1 2
1000000000 4 3 3
999999999 153855548 3 2
19089712 3 3 1
3 1000000000 1 638408569
3 190048202 1 3
1000000000 999999999 999999999 1
1000000000 4 2 1
999999999 4 1 3
999999999 3 999999998 1
1000000000 1000000000 990110168 2
1000000000 999999999 999999999 999999998
406955220 100 2 1
704993648 595827515 1 3
1000000000 3 2 1
427727826 1000000000 3 1
1000000000 2 1 1
1000000000 3 2 2
1000000000 100 75322340 3
1000000000 4 2 2
100 3 3 2
1000000000 100 999999999 2
1000000000 100 2 27
100 916630865 1 2
999999999 100 3 3
100 4 99 1
630783940 100 3 2
543383962 764857696 2 41522173
999999999 100 1 1
402854259 831040336 3 3
2 999999999 1 235322552
160776118 100 1 1
100 4 2 1
312920545 1000000000 309279031 2
100 100 99 2
100 999999999 2 999999998
999999999 1000000000 2 2
1000000000 100 999999999 99
100 3 99 2
3 1000000000 1 999999999
1000000000 100 2 1
268284003 3 3 1
2 477765917 1 413635441
1000000000 4 1 1
1000000000 999999999 3 3
100 1000000000 2 1
1000000000 4 999999999 2
76553835 3 3 2
2 1000000000 1 3
365482087 971250614 97597 28576180
999999999 999999999 1 1
3 1000000000 2 3
4 1000000000 2 3
999999999 4 999999998 2
2 3 1 1
999999999 4 1 1
1000000000 1000000000 432922762 516684653
999999999 100 999999998 2
999999999 3 3 2
400638252 4 3 2
4 1000000000 2 2
2 1000000000 1 2
100 999999999 1 2
4 1000000000 3 3
4 308024713 3 2
1000000000 3 1 1
1000000000 1000000000 999999999 3
999999999 999999999 2 999999998
1000000000 4 2 3
999999999 1000000000 3 233117279
1000000000 1000000000 999999999 1
999999999 4 3 3
1000000000 1000000000 244626410 3
475576299 79599546 62711377 1
1000000000 1000000000 3 999999999
1000000000 889034323 2 585497466
2 4 1 3
999999999 1000000000 1 3
1000000000 100 3 1
351511977 1000000000 3 1
999999999 3 999999998 2
4 999999999 1 1
100 2 22 1
4 999999999 2 471976874
999999999 3 768481208 2
999999999 999999999 13776769 2
3 332461468 2 3
100 2 9 1
100 999999999 3 1
100 100 2 2
999999999 999999999 3 361042743
1000000000 100 450060632 3
100 100 2 99
100 100 2 3
999999999 489345280 108542079 3
1000000000 760355100 2 1
4 100 1 2
999999999 999999999 3 1
820459816 1000000000 228363612 2
999999999 999999999 999999998 2
2 736436882 1 1
1000000000 4 120887411 1
100 1000000000 3 881233701
1000000000 100 2 16
999999999 1000000000 999999998 1
999999999 1000000000 999999998 2
2 3 1 2
999999999 100 361399062 76
1000000000 100 999999999 3
100 999999999 72 3
3 3 2 2
804684832 197217720 1 153175513
3 999999999 2 478452455
4 4 1 1
671771882 1000000000 458242975 1
4 100 2 2
4 4 3 2
100 4 3 1
100 1000000000 1 3
100 1000000000 3 875437474
100 999999999 99 3
588175668 2 2 1
100 100 1 1
100 4 1 1
1000000000 2 3 1
3 1000000000 2 2
3 2 1 1
4 100 3 2
4 1000000000 1 999999999
259765240 2 1 1
100 3 1 1
1000000000 4 606716047 3
999999999 100 3 2
999999999 999999999 3 3
407111787 999999999 158724311 2
1000000000 3 999999999 1
100 1000000000 99 999999999
2 475952396 1 3
4 999999999 3 3
1000000000 4 1 2
3 1000000000 1 859457977
999999999 100 2 2
3 999999999 2 999999998
100 1000000000 1 999999999
163592637 549432548 2 110629430
999999999 999999999 999999998 1
999999999 3 3 1
999999999 1000000000 1 2
3 100 2 3
4 911940777 2 39960172
100 3 98 2
100 100 99 1
4 2 2 1
4 1000000000 3 2
4 999999999 2 999999998
3 525092475 2 3
999999999 4 3 2
999999999 2 999999998 1
999999999 4 999999998 1
4 999999999 1 2
999999999 4 37069733 2
1000000000 352351844 795508322 1
4 1000000000 1 1
100 1000000000 1 1
452792670 1000000000 2 115192647
1000000000 1000000000 1 3
999999999 4 1 2
2 1000000000 1 999999999
914040527 100 1 2
3 4 2 3
4 100 2 91
4 100 3 3
3 4 1 2
100 1000000000 2 2
100 4 3 3
2 43534587 1 1
100 100 3 2
3 999999999 2 217585714
1000000000 999999999 1 2
999999999 100 999999998 99
2 243229745 1 59406209
4 1000000000 2 999999999
4 100 3 99
3 999999999 1 1
999999999 999999999 3 999999998
4 1000000000 1 2
4 100 2 1
4 100 2 71
999999999 100 2 11
999999999 2 3 1
3 4 1 3
999999999 1000000000 3 3
999999999 4 888595089 3
207868204 1000000000 2 225202610
4 4 3 3
999999999 1000000000 1 1
100 2 3 1
1000000000 100 99694839 3
2 100 1 1
999999999 999999999 999999998 999999998
999999999 2 2 1
4 999999999 3 2
2 1000000000 1 621800414
999999999 3 2 2
1000000000 999999999 2 47219043
100 3 2 2
3 3 2 1
100 999999999 2 3
100 1000000000 14 1
100 999999999 99 2
1000000000 100 3 2
2 100 1 99
100 3 99 1
1000000000 2 2 1
100 4 99 2
4 4 2 3
4 1000000000 3 1
1000000000 999999999 2 756841576
999999999 999999999 2 1
999999999 3 132294377 2
999999999 3 1 1
100 100 99 99
999999999 3 1 2
3 402700402 2 1
4 999999999 1 999999998
999999999 100 999999998 3
4 3 1 2
999999999 999999999 1 3
1000000000 100 2 3
999999999 999999999 1 999999998
999999999 999999999 3 97982365
100 1000000000 2 999999999
3 1000000000 2 999999999
1000000000 743670139 3 3
1000000000 999999999 2 1
999999999 100 1 3
4 1000000000 2 1
1000000000 1000000000 3 1
999999999 1000000000 2 999999999
1000000000 1000000000 3 165697225
100 1000000000 99 2
1000000000 999999999 3 2
2 590064564 1 410727603
3 2 2 1
699118378 100 371255050 53
999999999 2 1 1
606735969 100 574575067 9
1000000000 1000000000 2 3
100 999999999 3 3
2 2 1 1
4 867643142 2 2
1000000000 100 3 3
3 49194494 2 1
1000000000 100 3 99
100 999999999 3 607160337
4 100 3 1
3 100 2 1
100 999999999 5 3
4 21218471 2 2
3 637320062 1 460765579
999999999 100 3 99
100 100 3 99
3 1000000000 2 1
999999999 4 2 1
100 1000000000 99 3
100 100 1 2
569981406 4 2 2
999999999 999999999 2 2
4 4 2 1
159636198 2 132750702 1
4 292678792 1 2
100 1000000000 1 2
688697997 456509775 2 1
4 4 2 2
4 3 2 2
999999999 999999999 1 2
100 1000000000 3 999999999
100 999999999 1 3
586838884 999999999 2 2
100 100 3 3
100 492122489 3 2
100 4 2 2
999999999 1000000000 3 1
4 3 1 1
543390985 2 25843304 1
999999999 4 999999998 3
999999999 100 1 2
3 999999999 2 1
100 3 1 2
377173489 999999999 3 1
1000000000 999999999 999999999 3
3 100 2 2
999999999 3 2 1
3 1000000000 1 2
1000000000 4 999999999 3
4 999999999 3 1
1000000000 3 198570665 2
1000000000 100 2 2
501599341 999999999 2 3
1000000000 100 1 99
4 999999999 1 3
999999999 1000000000 999999998 3
2 100 1 2
1000000000 999999999 2 2
1000000000 999999999 2 3
4 1000000000 1 809590669
1000000000 999999999 90055928 1
1000000000 3 999999999 2
3 100 1 2
2 1000000000 1 1
1000000000 999999999 2 999999998
204388631 3 2 2
3 1000000000 1 3
372315310 428364244 1 1
1000000000 100 1 3
1000000000 1000000000 1 1
999999999 999999999 999999998 3
999999999 100 1 99
100 397986566 65 2
6565870 999999999 5153895 286487589
999999999 100 3 1
1000000000 3 3 2
999999999 1000000000 488516079 1
3 3 1 1
1000000000 1000000000 2 1
270079655 4 13920983 1
992439437 2 2 1
100 4 84 3
1000000000 916764387 127932786 3
977912389 734778827 532290378 1
999999999 1000000000 38408940 1
1000000000 1000000000 3 3
499812538 999999999 1 1
3 100 2 99
1000000000 999999999 3 1
404696558 1000000000 344580310 355699065
100 4 3 2
4 1000000000 1 3
4 1000000000 3 999999999
999999999 4 2 3
779009402 100 3 3
1000000000 4 3 2
4 999999999 2 2
2 251894516 1 3
999999999 1000000000 3 999999999
999999999 100 999999998 1
100 1000000000 3 1
4 100 1 3
1000000000 723284552 647366837 1
568263512 100 2 43
100 2 1 1
201238540 100 49757290 14
216458893 858261817 2 730048733
100 4 2 3
999999999 234259462 1 104118482
1000000000 3 3 1
2 4 1 1
713458743 999999999 1 232415301
999999999 734992451 64730372 1
3 999999999 2 3
4 2 1 1
1000000000 1000000000 301408972 2
900930753 3 3 1
100 1000000000 2 3
1000000000 1000000000 2 999999999
3 100 1 99
1000000000 1000000000 1 2
1000000000 4 999999999 1
100 4 1 3
1000000000 999999999 1 999999998
999999999 4 2 2
999999999 999999999 3 2
4 999999999 3 999999998
3 4 2 2
4 100 3 56
100 999999999 3 999999998
999999999 1000000000 3 2
100 100 1 3
3 811153361 1 12686097
1000000000 999999999 1 1
100 100 2 1
1000000000 999999999 3 999999998
135818523 100 127108945 1
999999999 1000000000 2 724564983
999999999 100 2 3
1000000000 1000000000 1 4469475
4 3 3 1
1000000000 100 2 99
4 4 3 1
2 4 1 2
3 4 2 1
3 100 1 3
4 999999999 1 344277279
100 999999999 99 1
999999999 100 3 89
999999999 999999999 1 713021361
1000000000 1000000000 999999999 999999999
4 3 3 2
100 2 99 1
100 999999999 2 2
999999999 388726895 726514352 2
100 3 2 1
100 100 99 3
1000000000 4 3 1
3 100 1 1
100 102245557 1 1
4 3 2 1
2 999999999 1 2
4 100 1 99
999999999 1000000000 999999998 999999999
999999999 100 2 99
4 100 2 3
998645846 2 2 1
